Date,Open,High,Low,Close,Volume,Dividends,Stock Splits
2022-11-01,154.82316868777446,155.19255104375597,148.88302572715594,150.40049743652344,80379300,0.0,0
2022-11-02,148.70331632123754,151.91798479983692,144.75986108325935,144.78981018066406,93604600,0.0,0
2022-11-03,141.82473552414714,142.56351551258913,138.5202195703192,138.65000915527344,97918500,0.0,0
2022-11-04,142.08999633789062,142.6699981689453,134.3800048828125,138.3800048828125,140716700,0.23,0
2022-11-07,137.11000061035156,139.14999389648438,135.6699981689453,138.9199981689453,83374600,0.0,0
2022-11-08,140.41000366210938,141.42999267578125,137.49000549316406,139.5,89908500,0.0,0
2022-11-09,138.5,138.5500030517578,134.58999633789062,134.8699951171875,74917800,0.0,0
2022-11-10,141.24000549316406,146.8699951171875,139.5,146.8699951171875,118854000,0.0,0
2022-11-11,145.82000732421875,150.00999450683594,144.3699951171875,149.6999969482422,93903800,0.0,0
2022-11-14,148.97000122070312,150.27999877929688,147.42999267578125,148.27999877929688,73374100,0.0,0
2022-11-15,152.22000122070312,153.58999633789062,148.55999755859375,150.0399932861328,89868300,0.0,0
2022-11-16,149.1300048828125,149.8699951171875,147.2899932861328,148.7899932861328,64218300,0.0,0
2022-11-17,146.42999267578125,151.47999572753906,146.14999389648438,150.72000122070312,80389400,0.0,0
2022-11-18,152.30999755859375,152.6999969482422,149.97000122070312,151.2899932861328,74794600,0.0,0
