Date,Open,High,Low,Close,Volume,Dividends,Stock Splits
2022-11-01,61.4900016784668,61.9900016784668,59.43000030517578,59.65999984741211,83806700,0,0
2022-11-02,63.0,63.93000030517578,58.56999969482422,58.630001068115234,142669400,0,0
2022-11-03,58.11000061035156,62.279998779296875,58.029998779296875,60.11000061035156,95279900,0,0
2022-11-04,62.5,63.0,60.529998779296875,62.189998626708984,84751100,0,0
2022-11-07,62.93000030517578,63.529998779296875,61.400001525878906,63.08000183105469,62722500,0,0
2022-11-08,64.08999633789062,64.95999908447266,62.369998931884766,63.849998474121094,75938000,0,0
2022-11-09,62.279998779296875,63.04999923706055,59.79999923706055,59.91999816894531,62940300,0,0
2022-11-10,64.30000305175781,68.80000305175781,63.619998931884766,68.47000122070312,107996300,0,0
2022-11-11,69.58000183105469,73.31999969482422,68.29000091552734,72.37000274658203,111644900,0,0
2022-11-14,75.22000122070312,75.25,72.66999816894531,73.52999877929688,108892800,0,0
2022-11-15,77.26000213623047,79.16000366210938,75.38999938964844,76.37000274658203,108946300,0,0
2022-11-16,73.66000366210938,74.83000183105469,71.93000030517578,72.69999694824219,79968000,0,0
2022-11-17,70.55999755859375,74.37999725341797,70.16000366210938,73.9000015258789,82320800,0,0
2022-11-18,75.06999969482422,75.3499984741211,72.18000030517578,73.56999969482422,73194200,0,0
