Date,Open,High,Low,Close,Volume,Dividends,Stock Splits
2022-11-01,73.26000213623047,74.01000213623047,73.22000122070312,73.30999755859375,5806700,0,0
2022-11-02,73.86000061035156,73.95999908447266,72.61000061035156,72.66000366210938,5528000,0,0
2022-11-03,72.5,72.9000015258789,71.72000122070312,71.9000015258789,4454600,0,0
2022-11-04,72.08000183105469,72.33999633789062,71.44999694824219,71.95999908447266,4330900,0,0
2022-11-07,71.5199966430664,71.68000030517578,70.94000244140625,71.0999984741211,8740900,0,0
2022-11-08,71.75,72.55999755859375,71.3499984741211,72.0,8805000,0,0
2022-11-09,71.86000061035156,72.20999908447266,71.63999938964844,71.66000366210938,4422100,0,0
2022-11-10,72.5999984741211,73.73999786376953,72.02999877929688,73.62000274658203,9191700,0,0
2022-11-11,73.75,74.47000122070312,73.56999969482422,74.13999938964844,4453600,0,0
2022-11-14,74.36000061035156,74.44000244140625,73.91999816894531,73.95999908447266,5513800,0,0
2022-11-15,74.5999984741211,74.66999816894531,73.27999877929688,73.87999725341797,6767600,0,0
2022-11-16,74.11000061035156,74.63999938964844,73.98999786376953,74.3499984741211,5514500,0,0
2022-11-17,73.4000015258789,74.11000061035156,73.37999725341797,73.80999755859375,7084200,0,0
2022-11-18,74.16000366210938,74.29000091552734,73.83999633789062,74.0999984741211,7744300,0,0
