Date,Open,High,Low,Close,Volume,Dividends,Stock Splits
2022-11-01,68.01000213623047,68.45099639892578,65.63999938964844,65.86000061035156,27257000,0,0
2022-11-02,66.4800033569336,67.66999816894531,64.33000183105469,64.69999694824219,28298100,0,0
2022-11-03,63.41999816894531,66.87999725341797,63.400001525878906,65.20999908447266,23360500,0,0
2022-11-04,71.16999816894531,71.63999938964844,67.44999694824219,69.80999755859375,51292200,0,0
2022-11-07,71.30000305175781,71.87999725341797,68.6719970703125,69.70999908447266,26087600,0,0
2022-11-08,67.62000274658203,68.91999816894531,66.2699966430664,68.12999725341797,23870200,0,0
2022-11-09,66.43000030517578,66.77999877929688,64.80000305175781,64.83999633789062,22099300,0,0
2022-11-10,68.02999877929688,69.98999786376953,68.0,69.7699966430664,28757200,0,0
2022-11-11,72.31999969482422,72.69999694824219,69.30999755859375,70.7699966430664,38680800,0,0
2022-11-14,73.16000366210938,74.0,71.31999969482422,71.33000183105469,30310700,0,0
2022-11-15,78.93000030517578,80.37000274658203,77.80999755859375,79.30000305175781,53150500,0,0
2022-11-16,80.31999969482422,80.44999694824219,77.41000366210938,78.16000366210938,26637300,0,0
2022-11-17,76.0,85.68000030517578,75.76000213623047,84.26000213623047,62050600,0,0
2022-11-18,82.1500015258789,82.5199966430664,79.86000061035156,80.4800033569336,29448700,0,0
