Date,Open,High,Low,Close,Volume,Dividends,Stock Splits
2022-11-01,126.29000091552734,127.69999694824219,125.27999877929688,126.2699966430664,2576700,0,0
2022-11-02,126.0,132.7100067138672,123.72000122070312,128.66000366210938,4902200,0,0
2022-11-03,127.51000213623047,129.3699951171875,126.58000183105469,126.62000274658203,2340800,0,0
2022-11-04,126.87000274658203,129.82000732421875,126.62000274658203,129.75999450683594,2231500,0,0
2022-11-07,130.17999267578125,133.39999389648438,129.9600067138672,132.4199981689453,2714600,0,0
2022-11-08,130.19000244140625,131.47000122070312,127.83000183105469,129.10000610351562,2554600,0,0
2022-11-09,129.0,129.13999938964844,126.0,126.29000091552734,2413000,0,0
2022-11-10,129.6199951171875,131.5500030517578,128.3800048828125,130.3000030517578,2564900,0,0
2022-11-11,130.61000061035156,131.41000366210938,128.41000366210938,131.22999572753906,2057800,0,0
2022-11-14,131.19000244140625,131.69000244140625,129.47000122070312,129.55999755859375,2412900,0,0
2022-11-15,130.92999267578125,131.8699951171875,127.0999984741211,128.77999877929688,2266700,0,0
2022-11-16,129.2100067138672,130.83999633789062,128.36000061035156,129.33999633789062,1464600,0,0
2022-11-17,127.27999877929688,129.6199951171875,126.18000030517578,128.64999389648438,1437900,0,0
2022-11-18,129.7899932861328,130.27999877929688,128.4600067138672,130.0800018310547,1648500,0,0
