Date,Open,High,Low,Close,Volume,Dividends,Stock Splits
2022-11-01,28.416209527365126,28.46554435492689,27.518336366984723,27.92287254333496,44418700,0.0,0
2022-11-02,27.893272995157403,28.465543810408153,27.044732796639284,27.05459976196289,51956100,0.0,0
2022-11-03,27.084201412120446,27.508469641262472,26.807932021160077,27.024999618530273,39678200,0.0,0
2022-11-04,27.56999969482422,28.239999771118164,27.40999984741211,28.200000762939453,43045800,0.365,0
2022-11-07,28.360000610351562,28.469999313354492,27.889999389648438,28.40999984741211,34389800,0.0,0
2022-11-08,28.760000228881836,28.950000762939453,27.93000030517578,28.479999542236328,36258000,0.0,0
2022-11-09,28.219999313354492,28.299999237060547,27.520000457763672,27.520000457763672,30544800,0.0,0
2022-11-10,28.8799991607666,29.829999923706055,28.649999618530273,29.760000228881836,62943900,0.0,0
2022-11-11,28.93000030517578,30.6299991607666,28.8700008392334,30.43000030517578,49811800,0.0,0
2022-11-14,30.34000015258789,30.989999771118164,30.18000030517578,30.350000381469727,39395300,0.0,0
2022-11-15,31.100000381469727,31.34000015258789,30.170000076293945,30.709999084472656,40933200,0.0,0
2022-11-16,30.110000610351562,30.229999542236328,29.440000534057617,29.530000686645508,35582800,0.0,0
2022-11-17,29.06999969482422,29.950000762939453,29.0,29.889999389648438,31983300,0.0,0
2022-11-18,30.260000228881836,30.260000228881836,29.610000610351562,29.8700008392334,27065900,0.0,0
