Date,Open,High,Low,Close,Volume,Dividends,Stock Splits
2022-11-01,94.33000183105469,97.48999786376953,93.55000305175781,95.19999694824219,110189600,0,0
2022-11-02,94.20999908447266,95.19999694824219,90.4800033569336,90.54000091552734,71821100,0,0
2022-11-03,90.08000183105469,90.45999908447266,88.41000366210938,88.91000366210938,60664000,0,0
2022-11-04,90.3499984741211,91.38999938964844,88.08999633789062,90.79000091552734,55577500,0,0
2022-11-07,94.77999877929688,96.87999725341797,93.0999984741211,96.72000122070312,81987300,0,0
2022-11-08,95.91999816894531,97.80000305175781,94.79000091552734,96.47000122070312,52088300,0,0
2022-11-09,101.72000122070312,104.9000015258789,100.73999786376953,101.47000122070312,107677300,0,0
2022-11-10,107.12000274658203,112.75,104.61000061035156,111.87000274658203,80671000,0,0
2022-11-11,109.2300033569336,114.9000015258789,108.80999755859375,113.0199966430664,59836400,0,0
2022-11-14,110.98999786376953,116.2699966430664,110.80000305175781,114.22000122070312,53395000,0,0
2022-11-15,116.06999969482422,118.73999786376953,114.41000366210938,117.08000183105469,50670500,0,0
2022-11-16,114.5,116.08000183105469,112.66000366210938,113.2300033569336,33287800,0,0
2022-11-17,110.41000366210938,112.33000183105469,109.80000305175781,111.44999694824219,35093800,0,0
2022-11-18,113.80000305175781,114.31999969482422,110.62000274658203,112.05000305175781,33340900,0,0
