Date,Open,High,Low,Close,Volume,Dividends,Stock Splits
2022-11-01,233.94073161881778,235.0775273746614,226.6911575603201,227.52879333496094,30592300,0.0,0
2022-11-02,228.81517274403552,230.64999828044301,219.42163166214243,219.48147583007812,38407000,0.0,0
2022-11-03,219.47148791706906,219.7905959399654,213.3786579500525,213.6479034423828,36633900,0.0,0
2022-11-04,216.93863254697632,220.9672724306729,212.83020044168666,220.76783752441406,36767800,0.0,0
2022-11-07,221.36616397722162,227.768120516855,220.6581525408613,227.22962951660156,33498000,0.0,0
2022-11-08,228.05730146137128,230.99900829264706,225.20533805919308,228.22682189941406,28192500,0.0,0
2022-11-09,226.7310375024422,227.987506375022,223.6995872382589,223.8790740966797,27852900,0.0,0
2022-11-10,234.7683791456448,242.64618742121752,234.33959485019315,242.2971649169922,46268000,0.0,0
2022-11-11,242.30714099159349,247.29308970375996,241.25010708325152,246.41555786132812,34600900,0.0,0
2022-11-14,241.30995122390436,243.22455370326696,238.5377649575026,240.87118530273438,31123300,0.0,0
2022-11-15,244.96964121064886,246.30587184332504,239.35545796715368,241.29000854492188,31390100,0.0,0
2022-11-16,242.7899932861328,243.8000030517578,240.4199981689453,241.72999572753906,24093300,0.68,0
2022-11-17,237.77999877929688,243.25,237.6300048828125,241.67999267578125,23123500,0.0,0
2022-11-18,243.50999450683594,243.74000549316406,239.02999877929688,241.22000122070312,27591800,0.0,0
