Date,Open,High,Low,Close,Volume,Dividends,Stock Splits
2022-11-01,44.42300033569336,45.9900016784668,43.72999954223633,43.900001525878906,7985800,0,0
2022-11-02,51.849998474121094,51.9900016784668,45.560001373291016,45.7400016784668,16983500,0,0
2022-11-03,45.119998931884766,45.90999984741211,42.77000045776367,42.790000915527344,5486400,0,0
2022-11-04,43.900001525878906,44.2400016784668,41.220001220703125,43.02000045776367,6450600,0,0
2022-11-07,43.900001525878906,45.0,43.04999923706055,44.529998779296875,4276200,0,0
2022-11-08,44.709999084472656,45.41999816894531,43.130001068115234,44.099998474121094,3476100,0,0
2022-11-09,43.279998779296875,43.29999923706055,41.95000076293945,42.939998626708984,3986400,0,0
2022-11-10,46.0,49.14500045776367,45.88999938964844,48.84000015258789,6569100,0,0
2022-11-11,49.02000045776367,52.35499954223633,48.64500045776367,51.439998626708984,4642600,0,0
2022-11-14,50.939998626708984,50.970001220703125,48.61000061035156,48.68000030517578,3821600,0,0
2022-11-15,51.0,52.34000015258789,50.400001525878906,51.91999816894531,5275200,0,0
2022-11-16,51.0,51.2400016784668,49.1349983215332,49.34000015258789,2210800,0,0
2022-11-17,47.58000183105469,48.599998474121094,46.61000061035156,47.029998779296875,2960400,0,0
2022-11-18,47.779998779296875,47.88999938964844,45.709999084472656,46.400001525878906,2828000,0,0
