Date,Open,High,Low,Close,Volume,Dividends,Stock Splits
2022-11-01,138.11000061035156,139.25,135.19000244140625,135.42999267578125,43281700,0,0
2022-11-02,138.5,142.10000610351562,132.11000061035156,132.19000244140625,67262800,0,0
2022-11-03,130.42999267578125,137.80999755859375,129.55999755859375,134.2100067138672,50006500,0,0
2022-11-04,139.86000061035156,142.2899932861328,136.97000122070312,141.55999755859375,61205400,0,0
2022-11-07,142.27999877929688,144.1199951171875,139.5399932861328,143.00999450683594,41006100,0,0
2022-11-08,148.00999450683594,148.91000366210938,142.16000366210938,146.02000427246094,59529200,0,0
2022-11-09,141.6199951171875,142.11000061035156,137.58999633789062,137.75999450683594,45441400,0,0
2022-11-10,148.0,157.72999572753906,145.47000122070312,157.5,70081900,0,0
2022-11-11,158.07000732421875,163.88999938964844,154.82000732421875,163.27000427246094,65503700,0,0
2022-11-14,162.17999267578125,165.39999389648438,159.22000122070312,162.9499969482422,52785200,0,0
2022-11-15,167.22000122070312,169.97999572753906,163.82000732421875,166.66000366210938,54587600,0,0
2022-11-16,161.6199951171875,163.6199951171875,158.72999572753906,159.10000610351562,64954700,0,0
2022-11-17,157.14999389648438,162.66000366210938,155.35000610351562,156.77000427246094,71089400,0,0
2022-11-18,159.66000366210938,160.02000427246094,151.1999969482422,154.08999633789062,49167700,0,0
