Date,Open,High,Low,Close,Volume,Dividends,Stock Splits
2022-11-01,85.0,86.13999938964844,83.05500030517578,83.11000061035156,10269700,0,0
2022-11-02,83.11000061035156,84.22000122070312,79.38999938964844,79.44999694824219,13037400,0,0
2022-11-03,78.1500015258789,78.72000122070312,75.29000091552734,76.55000305175781,26962900,0,0
2022-11-04,75.0,75.30999755859375,71.16799926757812,75.18000030517578,41454900,0,0
2022-11-07,76.52999877929688,78.18000030517578,76.12000274658203,77.66000366210938,18061500,0,0
2022-11-08,78.1500015258789,83.2300033569336,78.05000305175781,81.12999725341797,19481300,0,0
2022-11-09,80.0199966430664,80.25,78.08999633789062,78.68000030517578,14327600,0,0
2022-11-10,84.11000061035156,86.9000015258789,83.11000061035156,86.80000305175781,20122100,0,0
2022-11-11,86.5199966430664,92.0,86.45999908447266,91.02999877929688,19912200,0,0
2022-11-14,90.16000366210938,91.37000274658203,88.91999816894531,89.51000213623047,10944100,0,0
2022-11-15,92.48999786376953,92.62000274658203,89.27999877929688,89.86000061035156,14515700,0,0
2022-11-16,89.62000274658203,89.70999908447266,85.4800033569336,87.04000091552734,17049800,0,0
2022-11-17,84.61499786376953,87.33999633789062,83.51000213623047,85.63999938964844,11250100,0,0
2022-11-18,86.86000061035156,87.27999877929688,84.43000030517578,84.91999816894531,9370500,0,0
