Date,Open,High,Low,Close,Volume,Dividends,Stock Splits
2022-11-01,234.0500030517578,237.39999389648438,227.27999877929688,227.82000732421875,62688800,0,0
2022-11-02,226.0399932861328,227.8699951171875,214.82000732421875,214.97999572753906,63070300,0,0
2022-11-03,211.36000061035156,221.1999969482422,210.13999938964844,215.30999755859375,56538800,0,0
2022-11-04,222.60000610351562,223.8000030517578,203.0800018310547,207.47000122070312,98453100,0,0
2022-11-07,208.64999389648438,208.89999389648438,196.66000366210938,197.0800018310547,93916500,0,0
2022-11-08,194.02000427246094,195.1999969482422,186.75,191.3000030517578,128803400,0,0
2022-11-09,190.77999877929688,195.88999938964844,177.1199951171875,177.58999633789062,127062700,0,0
2022-11-10,189.89999389648438,191.0,180.02999877929688,190.72000122070312,132703000,0,0
2022-11-11,186.0,196.52000427246094,182.58999633789062,195.97000122070312,114229200,0,0
2022-11-14,192.77000427246094,195.72999572753906,186.33999633789062,190.9499969482422,92226600,0,0
2022-11-15,195.8800048828125,200.82000732421875,192.05999755859375,194.4199981689453,91293800,0,0
2022-11-16,191.50999450683594,192.57000732421875,185.66000366210938,186.9199981689453,66567600,0,0
2022-11-17,183.9600067138672,186.16000366210938,180.89999389648438,183.1699981689453,64336000,0,0
2022-11-18,185.0500030517578,185.19000244140625,176.5500030517578,180.19000244140625,75904900,0,0
