Date,Open,High,Low,Close,Volume,Dividends,Stock Splits
2022-11-01,55.40999984741211,56.150001525878906,53.08000183105469,53.08000183105469,3310000,0,0
2022-11-02,52.84000015258789,52.86000061035156,49.470001220703125,49.5,4500500,0,0
2022-11-03,48.0,50.59000015258789,47.880001068115234,49.16999816894531,4842200,0,0
2022-11-04,50.31999969482422,50.45000076293945,44.5099983215332,46.25,8666800,0,0
2022-11-07,46.625,47.380001068115234,43.119998931884766,43.720001220703125,9266500,0,0
2022-11-08,44.0099983215332,44.400001525878906,42.40999984741211,43.369998931884766,9484900,0,0
2022-11-09,46.86000061035156,47.25,39.43000030517578,39.88999938964844,20870600,0,0
2022-11-10,43.400001525878906,49.029998779296875,43.268001556396484,47.5099983215332,13282500,0,0
2022-11-11,46.904998779296875,49.70000076293945,46.400001525878906,48.77000045776367,7500500,0,0
2022-11-14,47.849998474121094,49.5,47.130001068115234,47.7599983215332,6182600,0,0
2022-11-15,50.0,54.810001373291016,49.52000045776367,53.560001373291016,10762000,0,0
2022-11-16,52.810001373291016,53.81999969482422,50.61000061035156,51.41999816894531,5474500,0,0
2022-11-17,48.970001220703125,50.88999938964844,48.689998626708984,50.060001373291016,3503400,0,0
2022-11-18,51.619998931884766,51.790000915527344,49.19300079345703,49.77000045776367,3619900,0,0
