Date,Open,High,Low,Close,Volume,Dividends,Stock Splits
2022-11-01,38.9900016784668,39.2400016784668,38.54999923706055,38.65999984741211,610000,0,0
2022-11-02,38.599998474121094,38.599998474121094,36.77000045776367,36.79999923706055,748200,0,0
2022-11-03,36.58000183105469,37.13999938964844,36.02000045776367,36.34000015258789,1644300,0,0
2022-11-04,34.25,34.7400016784668,29.43000030517578,30.309999465942383,2967200,0,0
2022-11-07,30.510000228881836,31.0,29.729999542236328,29.959999084472656,1670300,0,0
2022-11-08,30.030000686645508,30.219999313354492,29.43000030517578,29.90999984741211,1114100,0,0
2022-11-09,29.790000915527344,29.790000915527344,28.65999984741211,29.079999923706055,761400,0,0
2022-11-10,30.65999984741211,31.260000228881836,30.469999313354492,30.520000457763672,1240500,0,0
2022-11-11,30.260000228881836,30.489999771118164,29.799999237060547,30.309999465942383,940800,0,0
2022-11-14,30.149999618530273,30.729999542236328,29.760000228881836,30.559999465942383,866100,0,0
2022-11-15,31.100000381469727,31.43000030517578,30.610000610351562,30.780000686645508,591900,0,0
2022-11-16,30.3700008392334,30.5,29.6200008392334,29.760000228881836,685700,0,0
2022-11-17,29.239999771118164,29.799999237060547,29.059999465942383,29.3700008392334,567200,0,0
2022-11-18,29.860000610351562,30.110000610351562,29.360000610351562,29.579999923706055,383500,0,0
