Date,Open,High,Low,Close,Volume,Dividends,Stock Splits
2022-10-03,29.100000381469727,29.700000762939453,27.940000534057617,29.510000228881836,544000,0,0
2022-10-04,30.610000610351562,31.600000381469727,30.510000228881836,31.549999237060547,417900,0,0
2022-10-05,30.65999984741211,30.860000610351562,29.559999465942383,30.1299991607666,775600,0,0
2022-10-06,30.110000610351562,31.15999984741211,29.90999984741211,30.610000610351562,472100,0,0
2022-10-07,29.950000762939453,30.219999313354492,28.979999542236328,29.270000457763672,602500,0,0
2022-10-10,29.559999465942383,29.81999969482422,28.809999465942383,29.3799991607666,577400,0,0
2022-10-11,29.34000015258789,29.510000228881836,27.920000076293945,28.139999389648438,757600,0,0
2022-10-12,28.1299991607666,28.959999084472656,27.850000381469727,28.809999465942383,482800,0,0
2022-10-13,27.43000030517578,28.6299991607666,26.209999084472656,28.100000381469727,462100,0,0
2022-10-14,28.920000076293945,29.18000030517578,26.809999465942383,27.020000457763672,464100,0,0
2022-10-17,27.829999923706055,29.350000381469727,27.829999923706055,29.010000228881836,1200400,0,0
2022-10-18,30.110000610351562,30.5,28.420000076293945,28.90999984741211,596800,0,0
2022-10-19,28.690000534057617,29.260000228881836,28.399999618530273,28.809999465942383,430700,0,0
2022-10-20,28.790000915527344,29.719999313354492,28.59000015258789,28.639999389648438,401000,0,0
