Date,Open,High,Low,Close,Volume,Dividends,Stock Splits
2022-10-03,138.2100067138672,143.07000732421875,137.69000244140625,142.4499969482422,114311700,0,0
2022-10-04,145.02999877929688,146.22000122070312,144.25999450683594,146.10000610351562,87830100,0,0
2022-10-05,144.07000732421875,147.3800048828125,143.00999450683594,146.39999389648438,79471000,0,0
2022-10-06,145.80999755859375,147.5399932861328,145.22000122070312,145.42999267578125,68402200,0,0
2022-10-07,142.5399932861328,143.10000610351562,139.4499969482422,140.08999633789062,85859100,0,0
2022-10-10,140.4199981689453,141.88999938964844,138.57000732421875,140.4199981689453,74899000,0,0
2022-10-11,139.89999389648438,141.35000610351562,138.22000122070312,138.97999572753906,77033700,0,0
2022-10-12,139.1300048828125,140.36000061035156,138.16000366210938,138.33999633789062,70433700,0,0
2022-10-13,134.99000549316406,143.58999633789062,134.3699951171875,142.99000549316406,113224000,0,0
2022-10-14,144.30999755859375,144.52000427246094,138.19000244140625,138.3800048828125,88512300,0,0
2022-10-17,141.07000732421875,142.89999389648438,140.27000427246094,142.41000366210938,85250900,0,0
2022-10-18,145.49000549316406,146.6999969482422,140.61000061035156,143.75,99136600,0,0
2022-10-19,141.69000244140625,144.9499969482422,141.5,143.86000061035156,61758300,0,0
2022-10-20,143.02000427246094,145.88999938964844,142.64999389648438,143.38999938964844,64522000,0,0
