Date,Open,High,Low,Close,Volume,Dividends,Stock Splits
2022-10-03,74.41000366210938,74.80000305175781,74.11000061035156,74.36000061035156,4561900,0,0
2022-10-04,74.70999908447266,75.37999725341797,74.55999755859375,75.0,9470300,0,0
2022-10-05,74.83999633789062,75.0,73.83000183105469,74.11000061035156,7543700,0,0
2022-10-06,74.08999633789062,74.38999938964844,73.6500015258789,73.83000183105469,5820200,0,0
2022-10-07,73.58999633789062,73.7300033569336,73.04000091552734,73.3499984741211,4207200,0,0
2022-10-10,73.3499984741211,74.11000061035156,73.27999877929688,73.75,4283000,0,0
2022-10-11,73.5999984741211,74.0199966430664,73.25,73.55000305175781,5381500,0,0
2022-10-12,73.54000091552734,73.6500015258789,73.16999816894531,73.5,4096700,0,0
2022-10-13,72.91999816894531,73.88999938964844,72.41000366210938,73.12000274658203,6169100,0,0
2022-10-14,73.44000244140625,73.66000366210938,72.08000183105469,72.12999725341797,5140400,0,0
2022-10-17,72.80000305175781,72.93000030517578,71.70999908447266,71.76000213623047,14494600,0,0
2022-10-18,72.2300033569336,72.5,72.02999877929688,72.26000213623047,5305700,0,0
2022-10-19,72.01000213623047,72.47000122070312,71.79000091552734,72.20999908447266,4602600,0,0
2022-10-20,72.23999786376953,73.83000183105469,72.23999786376953,73.30999755859375,5179000,0,0
