Date,Open,High,Low,Close,Volume,Dividends,Stock Splits
2022-10-03,137.13999938964844,139.6199951171875,136.10000610351562,138.61000061035156,27723100,0,0
2022-10-04,140.49000549316406,142.38999938964844,139.33999633789062,140.27999877929688,34670700,0,0
2022-10-05,138.24000549316406,140.2100067138672,134.77999877929688,138.97999572753906,27979300,0,0
2022-10-06,137.72000122070312,141.4499969482422,136.60000610351562,139.07000732421875,36231100,0,0
2022-10-07,136.75999450683594,138.2899932861328,132.44000244140625,133.4499969482422,33179700,0,0
2022-10-10,133.5500030517578,136.11000061035156,131.8699951171875,133.7899932861328,24024000,0,0
2022-10-11,131.6199951171875,132.66000366210938,126.98999786376953,128.5399932861328,38481400,0,0
2022-10-12,128.32000732421875,129.6699981689453,126.25,127.5,34605200,0,0
2022-10-13,123.52999877929688,131.13999938964844,122.52999877929688,130.2899932861328,34325700,0,0
2022-10-14,131.0,131.7899932861328,126.5199966430664,126.76000213623047,23538600,0,0
2022-10-17,130.3000030517578,134.7899932861328,130.17999267578125,134.0399932861328,29612200,0,0
2022-10-18,137.08999633789062,137.83999633789062,131.39999389648438,132.8000030517578,25445000,0,0
2022-10-19,132.88999938964844,137.0,132.22000122070312,133.22999572753906,30691000,0,0
2022-10-20,132.92999267578125,136.77000427246094,131.30999755859375,131.52999877929688,26356300,0,0
