Date,Open,High,Low,Close,Volume,Dividends,Stock Splits
2022-10-03,123.47000122070312,126.77999877929688,121.05000305175781,125.12000274658203,54747800,0,0
2022-10-04,128.7899932861328,132.1999969482422,128.7899932861328,131.6699981689453,58418200,0,0
2022-10-05,129.11000061035156,133.2100067138672,126.20999908447266,132.08999633789062,50713100,0,0
2022-10-06,132.1999969482422,136.55999755859375,131.02999877929688,131.3000030517578,64415700,0,0
2022-10-07,125.05000305175781,126.69999694824219,120.22000122070312,120.76000213623047,67168900,0,0
2022-10-10,120.37000274658203,121.23999786376953,114.08000183105469,116.69999694824219,69869900,0,0
2022-10-11,115.61000061035156,118.45999908447266,112.83000183105469,115.86000061035156,66748200,0,0
2022-10-12,115.79000091552734,117.3499984741211,113.44999694824219,115.0,49259000,0,0
2022-10-13,109.70999908447266,120.77999877929688,108.12999725341797,119.5999984741211,85010300,0,0
2022-10-14,120.56999969482422,121.11000061035156,112.04000091552734,112.2699966430664,71255100,0,0
2022-10-17,115.18000030517578,119.4800033569336,115.16999816894531,118.87999725341797,58077400,0,0
2022-10-18,123.44000244140625,124.91999816894531,116.18000030517578,119.66999816894531,65936200,0,0
2022-10-19,118.79000091552734,123.5,118.33999633789062,120.51000213623047,52313100,0,0
2022-10-20,121.12999725341797,127.69000244140625,121.05000305175781,121.94000244140625,65239800,0,0
