Date,Open,High,Low,Close,Volume,Dividends,Stock Splits
2022-10-03,60.25,61.689998626708984,59.5,61.130001068115234,5130100,0,0
2022-10-04,63.4900016784668,64.65699768066406,62.529998779296875,63.65999984741211,7026000,0,0
2022-10-05,61.959999084472656,64.0,59.560001373291016,61.79999923706055,7378900,0,0
2022-10-06,62.04999923706055,64.54000091552734,61.099998474121094,61.16999816894531,5310100,0,0
2022-10-07,59.5,59.50299835205078,55.79999923706055,56.790000915527344,6140600,0,0
2022-10-10,56.90999984741211,56.97999954223633,53.939998626708984,54.83000183105469,5448600,0,0
2022-10-11,53.95000076293945,54.310001373291016,51.33000183105469,52.5,5506700,0,0
2022-10-12,52.689998626708984,53.22999954223633,50.41999816894531,52.619998931884766,5042300,0,0
2022-10-13,49.61000061035156,53.27000045776367,48.15999984741211,52.470001220703125,7512200,0,0
2022-10-14,53.40999984741211,53.7599983215332,50.38999938964844,50.599998474121094,3357100,0,0
2022-10-17,52.86000061035156,54.939998626708984,52.33000183105469,54.61000061035156,6100600,0,0
2022-10-18,56.5099983215332,57.459999084472656,55.084999084472656,56.38999938964844,6265100,0,0
2022-10-19,55.9900016784668,56.70000076293945,54.75,55.22999954223633,3836600,0,0
2022-10-20,55.18000030517578,58.66999816894531,55.099998474121094,56.47999954223633,5732300,0,0
