Date,Open,High,Low,Close,Volume,Dividends,Stock Splits
2022-10-03,34.08000183105469,34.38999938964844,33.630001068115234,34.209999084472656,518900,0,0
2022-10-04,35.0,35.77000045776367,35.0,35.7599983215332,650700,0,0
2022-10-05,35.22999954223633,36.25,35.22999954223633,36.04999923706055,518200,0,0
2022-10-06,35.75,36.290000915527344,35.369998931884766,35.7400016784668,499100,0,0
2022-10-07,35.220001220703125,35.47999954223633,34.779998779296875,35.33000183105469,511400,0,0
2022-10-10,35.59000015258789,35.70000076293945,35.0099983215332,35.459999084472656,449500,0,0
2022-10-11,35.2400016784668,35.310001373291016,33.790000915527344,34.810001373291016,672000,0,0
2022-10-12,34.81999969482422,35.08000183105469,34.45000076293945,34.689998626708984,534000,0,0
2022-10-13,33.83000183105469,35.099998474121094,33.34000015258789,34.790000915527344,752900,0,0
2022-10-14,35.25,35.61000061035156,34.45000076293945,34.650001525878906,529300,0,0
2022-10-17,35.150001525878906,36.459999084472656,35.099998474121094,36.41999816894531,863700,0,0
2022-10-18,37.150001525878906,37.86000061035156,36.75,37.2599983215332,593900,0,0
2022-10-19,36.880001068115234,37.66999816894531,36.77000045776367,36.90999984741211,608600,0,0
2022-10-20,36.939998626708984,38.04999923706055,36.790000915527344,37.0,520300,0,0
